"","global_level","date","cases","new_cases","deaths","new_deaths","days_since_death10","days_since_case100"
"1","Global",2020-01-22,555,555,17,17,1,1
"2","Global",2020-01-23,654,99,18,1,2,2
"3","Global",2020-01-24,941,287,26,8,3,3
"4","Global",2020-01-25,1434,493,42,16,4,4
"5","Global",2020-01-26,2118,684,56,14,5,5
"6","Global",2020-01-27,2927,809,82,26,6,6
"7","Global",2020-01-28,5578,2651,131,49,7,7
"8","Global",2020-01-29,6167,589,133,2,8,8
"9","Global",2020-01-30,8235,2068,171,38,9,9
"10","Global",2020-01-31,9927,1692,213,42,10,10
"11","Global",2020-02-01,12038,2111,259,46,11,11
"12","Global",2020-02-02,16787,4749,362,103,12,12
"13","Global",2020-02-03,19887,3100,426,64,13,13
"14","Global",2020-02-04,23898,4011,492,66,14,14
"15","Global",2020-02-05,27643,3745,564,72,15,15
"16","Global",2020-02-06,30803,3160,634,70,16,16
"17","Global",2020-02-07,34396,3593,719,85,17,17
"18","Global",2020-02-08,37130,2734,806,87,18,18
"19","Global",2020-02-09,40160,3030,906,100,19,19
"20","Global",2020-02-10,42769,2609,1013,107,20,20
"21","Global",2020-02-11,44811,2042,1113,100,21,21
"22","Global",2020-02-12,45229,418,1118,5,22,22
"23","Global",2020-02-13,60382,15153,1371,253,23,23
"24","Global",2020-02-14,66909,6527,1523,152,24,24
"25","Global",2020-02-15,69051,2142,1666,143,25,25
"26","Global",2020-02-16,71235,2184,1770,104,26,26
"27","Global",2020-02-17,73270,2035,1868,98,27,27
"28","Global",2020-02-18,75152,1882,2008,140,28,28
"29","Global",2020-02-19,75652,500,2123,115,29,29
"30","Global",2020-02-20,76212,560,2248,125,30,30
"31","Global",2020-02-21,76841,629,2252,4,31,31
"32","Global",2020-02-22,78602,1761,2459,207,32,32
"33","Global",2020-02-23,78982,380,2470,11,33,33
"34","Global",2020-02-24,79546,564,2630,160,34,34
"35","Global",2020-02-25,80399,853,2710,80,35,35
"36","Global",2020-02-26,81376,977,2771,61,36,36
"37","Global",2020-02-27,82736,1360,2814,43,37,37
"38","Global",2020-02-28,84121,1385,2873,59,38,38
"39","Global",2020-02-29,86014,1893,2942,69,39,39
"40","Global",2020-03-01,88397,2383,2996,54,40,40
"41","Global",2020-03-02,90375,1978,3085,89,41,41
"42","Global",2020-03-03,92959,2584,3160,75,42,42
"43","Global",2020-03-04,95276,2317,3255,95,43,43
"44","Global",2020-03-05,98040,2764,3348,93,44,44
"45","Global",2020-03-06,102040,4000,3460,112,45,45
"46","Global",2020-03-07,106102,4062,3559,99,46,46
"47","Global",2020-03-08,110062,3960,3803,244,47,47
"48","Global",2020-03-09,114025,3963,3987,184,48,48
"49","Global",2020-03-10,119036,5011,4267,280,49,49
"50","Global",2020-03-11,126717,7681,4611,344,50,50
"51","Global",2020-03-12,132506,5789,4917,306,51,51
"52","Global",2020-03-13,146887,14381,5414,497,52,52
"53","Global",2020-03-14,157965,11078,5834,420,53,53
"54","Global",2020-03-15,169258,11293,6475,641,54,54
"55","Global",2020-03-16,184002,14744,7153,683,55,55
"56","Global",2020-03-17,199933,15931,7964,811,56,56
"57","Global",2020-03-18,219466,19533,8867,903,57,57
"58","Global",2020-03-19,246622,27156,9980,1115,58,58
"59","Global",2020-03-20,277257,30635,11461,1482,59,59
"60","Global",2020-03-21,309226,31969,13181,1724,60,60
"61","Global",2020-03-22,343487,34261,14855,1675,61,61
"62","Global",2020-03-23,386860,43373,16797,1942,62,62
"63","Global",2020-03-24,428360,41515,19081,2284,63,63
"64","Global",2020-03-25,479379,51019,21881,2800,64,64
"65","Global",2020-03-26,542071,62692,24901,3023,65,65
"66","Global",2020-03-27,607102,65031,28394,3493,66,66
"67","Global",2020-03-28,674494,67392,32107,3713,67,67
"68","Global",2020-03-29,733841,59347,35584,3477,68,68
"69","Global",2020-03-30,799125,65284,39636,4052,69,69
"70","Global",2020-03-31,875928,76803,44388,4752,70,70
"71","Global",2020-04-01,952493,76565,49894,5506,71,71
"72","Global",2020-04-02,1033847,81354,56131,6237,72,72
"73","Global",2020-04-03,1117073,83226,62237,6106,73,73
"74","Global",2020-04-04,1197429,80356,68404,6168,74,74
"75","Global",2020-04-05,1269432,72003,73569,5167,75,75
"76","Global",2020-04-06,1342653,73221,79516,5948,76,76
"77","Global",2020-04-07,1420404,77751,87740,8224,77,77
"78","Global",2020-04-08,1504582,84178,94501,6761,78,78
"79","Global",2020-04-09,1591027,86445,102277,7776,79,79
"80","Global",2020-04-10,1678480,87453,109662,7385,80,80
"81","Global",2020-04-11,1754660,76180,115903,6272,81,81
"82","Global",2020-04-12,1849988,95349,121712,5809,82,82
"83","Global",2020-04-13,1920165,70177,127628,5916,83,83
"84","Global",2020-04-14,1991463,71298,134598,6972,84,84
"85","Global",2020-04-15,2073480,82017,142949,8351,85,85
"86","Global",2020-04-16,2170289,96809,150247,7298,86,86
"87","Global",2020-04-17,2257968,87679,158612,8365,87,87
"88","Global",2020-04-18,2331452,73485,164635,6023,88,88
"89","Global",2020-04-19,2411438,79986,169897,5262,89,89
"90","Global",2020-04-20,2485935,74497,175755,5858,90,90
"91","Global",2020-04-21,2561817,75882,182940,7185,91,91
"92","Global",2020-04-22,2639848,80219,189671,6731,92,92
"93","Global",2020-04-23,2727872,88024,196509,6838,93,93
"94","Global",2020-04-24,2812244,94406,203172,6663,94,94
"95","Global",2020-04-25,2895673,83429,208809,5637,95,95
"96","Global",2020-04-26,2967618,71946,212748,3939,96,96
"97","Global",2020-04-27,3037336,69718,217421,4673,97,97
"98","Global",2020-04-28,3112780,75549,223968,6547,98,98
"99","Global",2020-04-29,3190239,79971,230702,6734,99,99
"100","Global",2020-04-30,3273618,83379,236698,5996,100,100
"101","Global",2020-05-01,3360845,87227,241847,5155,101,101
"102","Global",2020-05-02,3440835,80157,247325,5478,102,102
"103","Global",2020-05-03,3517357,76522,250797,3472,103,103
"104","Global",2020-05-04,3594437,77081,254896,4099,104,104
"105","Global",2020-05-05,3674878,80441,260783,5887,105,105
"106","Global",2020-05-06,3764781,89903,267326,6543,106,106
"107","Global",2020-05-07,3853776,90578,272618,5292,107,107
"108","Global",2020-05-08,3944884,92588,278098,5480,108,108
"109","Global",2020-05-09,4029807,84923,282385,4287,109,109
"110","Global",2020-05-10,4105044,75246,285979,3594,110,110
"111","Global",2020-05-11,4181888,76901,289447,3468,111,111
"112","Global",2020-05-12,4266112,84244,294969,5528,112,112
"113","Global",2020-05-13,4350943,84996,300046,5077,113,113
"114","Global",2020-05-14,4447563,96621,305227,5181,114,114
"115","Global",2020-05-15,4543915,96352,310339,5112,115,115
"116","Global",2020-05-16,4638154,94239,314515,4176,116,116
"117","Global",2020-05-17,4715717,77563,317800,3285,117,117
"118","Global",2020-05-18,4804421,88704,321495,3696,118,118
"119","Global",2020-05-19,4901656,97444,326215,4937,119,119
"120","Global",2020-05-20,5004094,102438,330975,4760,120,120
"121","Global",2020-05-21,5110636,106646,335700,4725,121,121
"122","Global",2020-05-22,5216519,105883,340893,5193,122,122
"123","Global",2020-05-23,5320980,104461,344807,3914,123,123
"124","Global",2020-05-24,5415444,94464,347929,3122,124,124
"125","Global",2020-05-25,5501767,86695,349130,3121,125,125
"126","Global",2020-05-26,5594944,93397,353250,4120,126,126
"127","Global",2020-05-27,5697743,102799,358384,5134,127,127
"128","Global",2020-05-28,5817245,119502,363007,4623,128,128
"129","Global",2020-05-29,5938152,120907,367594,4587,129,129
"130","Global",2020-05-30,6075205,137053,371659,4065,130,130
"131","Global",2020-05-31,6181722,106517,374635,2976,131,131
"132","Global",2020-06-01,6276872,95150,377712,3082,132,132
"133","Global",2020-06-02,6398326,122220,382435,4723,133,133
"134","Global",2020-06-03,6516556,118231,387871,5436,134,134
"135","Global",2020-06-04,6643470,126914,392987,5116,135,135
"136","Global",2020-06-05,6774602,131132,397553,4566,136,136
"137","Global",2020-06-06,6909020,134418,401403,3851,137,137
"138","Global",2020-06-07,7020566,111546,404143,2740,138,138
"139","Global",2020-06-08,7122824,102258,407817,3674,139,139
"140","Global",2020-06-09,7247528,124704,412652,4835,140,140
"141","Global",2020-06-10,7382233,134705,417711,5059,141,141
"142","Global",2020-06-11,7520192,137959,422388,4679,142,142
"143","Global",2020-06-12,7648834,128642,426603,4215,143,143
"144","Global",2020-06-13,7784203,135369,430791,4189,144,144
"145","Global",2020-06-14,7916659,132456,434203,3412,145,145
"146","Global",2020-06-15,8036050,119391,437622,3419,146,146
"147","Global",2020-06-16,8177719,141669,444337,6715,147,147
"148","Global",2020-06-17,8320706,142987,449425,5088,148,148
"149","Global",2020-06-18,8460835,140129,454404,4979,149,149
"150","Global",2020-06-19,8640387,179700,460552,6148,150,150
"151","Global",2020-06-20,8797372,156985,464756,4204,151,151
"152","Global",2020-06-21,8925617,128245,468765,4009,152,152
"153","Global",2020-06-22,9063716,138099,472323,3558,153,153
"154","Global",2020-06-23,9229467,165751,477544,5221,154,154
"155","Global",2020-06-24,9400339,170872,482714,5201,155,155
"156","Global",2020-06-25,9578524,178185,487408,4694,156,156
"157","Global",2020-06-26,9769968,191444,492110,4702,157,157
"158","Global",2020-06-27,9947708,177740,496573,4463,158,158
"159","Global",2020-06-28,10110518,163529,499716,3144,159,159
"160","Global",2020-06-29,10266056,155538,503440,3724,160,160
"161","Global",2020-06-30,10440164,174108,508387,4947,161,161
"162","Global",2020-07-01,10657615,217451,513315,4928,162,162
"163","Global",2020-07-02,10866273,208658,518378,5063,163,163
"164","Global",2020-07-03,11068119,201847,523313,4935,164,164
"165","Global",2020-07-04,11261924,193805,527681,4370,165,165
"166","Global",2020-07-05,11444535,182611,531154,3476,166,166
"167","Global",2020-07-06,11609725,165190,534981,3828,167,167
"168","Global",2020-07-07,11821161,211436,540996,6015,168,168
"169","Global",2020-07-08,12034184,213023,546269,5277,169,169
"170","Global",2020-07-09,12261583,227399,551677,5408,170,170
"171","Global",2020-07-10,12494040,232457,556969,5293,171,171
"172","Global",2020-07-11,12710346,216306,561757,4788,172,172
"173","Global",2020-07-12,12903190,192844,565749,3992,173,173
"174","Global",2020-07-13,13094680,191490,569560,3811,174,174
"175","Global",2020-07-14,13316405,221725,575149,5591,175,175
"176","Global",2020-07-15,13547608,231208,580587,5439,176,176
"177","Global",2020-07-16,13800068,252463,586344,5757,177,177
"178","Global",2020-07-17,14041941,241873,593001,6657,178,178
"179","Global",2020-07-18,14278583,236642,598616,5617,179,179
"180","Global",2020-07-19,14492271,213688,602674,4058,180,180
"181","Global",2020-07-20,14698437,206166,606850,4176,181,181
"182","Global",2020-07-21,14931741,233414,613013,6176,182,182
"183","Global",2020-07-22,15213108,281367,619939,6927,183,183
"184","Global",2020-07-23,15495693,282585,629834,9895,184,184
"185","Global",2020-07-24,15776312,280619,635867,6033,185,185
"186","Global",2020-07-25,16030981,254669,641402,5535,186,186
"187","Global",2020-07-26,16244382,213401,645073,3671,187,187
"188","Global",2020-07-27,16470024,225646,650244,5189,188,188
"189","Global",2020-07-28,16722448,252424,656553,6309,189,189
"190","Global",2020-07-29,17012576,290128,663125,6572,190,190
"191","Global",2020-07-30,17292738,280162,669138,6017,191,191
"192","Global",2020-07-31,17582570,289832,675341,6203,192,192
"193","Global",2020-08-01,17833063,250493,680827,5486,193,193
"194","Global",2020-08-02,18060250,227187,685102,4281,194,194
"195","Global",2020-08-03,18261514,201265,689426,4324,195,195
"196","Global",2020-08-04,18519869,258355,696342,6919,196,196
"197","Global",2020-08-05,18793022,273153,703309,6967,197,197
"198","Global",2020-08-06,19077537,284515,709801,6492,198,198
"199","Global",2020-08-07,19358418,280881,716098,6298,199,199
"200","Global",2020-08-08,19616543,258125,721527,5429,200,200
"201","Global",2020-08-09,19840279,223738,726084,4557,201,201
"202","Global",2020-08-10,20066543,226264,730992,4908,202,202
"203","Global",2020-08-11,20321612,255070,737428,6452,203,203
"204","Global",2020-08-12,20599379,277767,744048,6622,204,204
"205","Global",2020-08-13,20885315,285952,750259,6211,205,205
"206","Global",2020-08-14,21189908,304593,760390,10132,206,206
"207","Global",2020-08-15,21437099,247191,765735,5345,207,207
"208","Global",2020-08-16,21648914,211857,769938,4203,208,208
"209","Global",2020-08-17,21859536,210622,774079,4141,209,209
"210","Global",2020-08-18,22115576,256040,780965,6886,210,210
"211","Global",2020-08-19,22390195,274619,787702,6738,211,211
"212","Global",2020-08-20,22657516,267321,793739,6037,212,212
"213","Global",2020-08-21,22927400,269884,799237,5941,213,213
"214","Global",2020-08-22,23192131,264731,804811,5574,214,214
"215","Global",2020-08-23,23397781,205650,808668,3857,215,215
"216","Global",2020-08-24,23622822,225141,813033,4365,216,216
"217","Global",2020-08-25,23866390,243568,819409,6376,217,217
"218","Global",2020-08-26,24155786,289396,825700,6408,218,218
"219","Global",2020-08-27,24434224,278455,831585,5885,219,219
"220","Global",2020-08-28,24716226,283350,837101,5516,220,220
"221","Global",2020-08-29,24976493,260267,842488,5387,221,221
"222","Global",2020-08-30,25202278,225785,846399,3911,222,222
"223","Global",2020-08-31,25465435,263157,850612,4226,223,223
"224","Global",2020-09-01,25728800,263365,857098,6486,224,224
"225","Global",2020-09-02,26011932,283144,863113,6018,225,225
"226","Global",2020-09-03,26292726,280794,868824,5711,226,226
"227","Global",2020-09-04,26605597,312871,874735,5912,227,227
"228","Global",2020-09-05,26867946,262368,879667,4932,228,228
"229","Global",2020-09-06,27090339,222393,883444,3777,229,229
"230","Global",2020-09-07,27323598,241212,892763,9319,230,230
"231","Global",2020-09-08,27565118,241520,897707,4944,231,231
"232","Global",2020-09-09,27849795,284677,903787,6080,232,232
"233","Global",2020-09-10,28148705,298910,909587,5831,233,233
"234","Global",2020-09-11,28468381,319676,915469,5882,234,234
"235","Global",2020-09-12,28745494,277113,920343,4874,235,235
"236","Global",2020-09-13,28981160,235666,924000,3657,236,236
"237","Global",2020-09-14,29260799,279639,928436,4436,237,237
"238","Global",2020-09-15,29544816,284017,934986,6550,238,238
"239","Global",2020-09-16,29849621,304805,940739,5753,239,239
"240","Global",2020-09-17,30163563,313942,946198,5459,240,240
"241","Global",2020-09-18,30486928,323365,951903,5705,241,241
"242","Global",2020-09-19,30766960,280032,957141,5238,242,242
"243","Global",2020-09-20,31009350,242390,960852,3711,243,243
"244","Global",2020-09-21,31307778,298428,964974,4122,244,244
"245","Global",2020-09-22,31587518,279740,970956,5982,245,245
"246","Global",2020-09-23,31854715,267197,976567,5611,246,246
"247","Global",2020-09-24,32217287,362572,983287,6720,247,247
"248","Global",2020-09-25,32545120,327833,989190,5903,248,248
"249","Global",2020-09-26,32821963,276843,994477,5287,249,249
"250","Global",2020-09-27,33063031,241068,998095,3618,250,250
"251","Global",2020-09-28,33338992,275961,1002021,3926,251,251
"252","Global",2020-09-29,33623696,284704,1008114,6093,252,252
"253","Global",2020-09-30,33950454,326758,1014507,6394,253,253
"254","Global",2020-10-01,34268348,317894,1023203,8696,254,254
"255","Global",2020-10-02,34563483,295135,1028187,4989,255,255
"256","Global",2020-10-03,34882051,318568,1033534,5347,256,256
"257","Global",2020-10-04,35130483,248432,1037310,3776,257,257
"258","Global",2020-10-05,35459814,329331,1044319,7009,258,258
"259","Global",2020-10-06,35783926,324112,1050104,5797,259,259
"260","Global",2020-10-07,36133396,349470,1055922,5818,260,260
"261","Global",2020-10-08,36494900,361504,1062176,6257,261,261
"262","Global",2020-10-09,36854290,359390,1068268,6092,262,262
"263","Global",2020-10-10,37184435,330145,1073100,4832,263,263
"264","Global",2020-10-11,37454073,269638,1077017,3918,264,264
"265","Global",2020-10-12,37779548,325475,1080960,3943,265,265
"266","Global",2020-10-13,38108306,328758,1086416,5456,266,266
"267","Global",2020-10-14,38488798,380492,1092414,5998,267,267
"268","Global",2020-10-15,38896100,407302,1098532,6118,268,268
"269","Global",2020-10-16,39306633,410533,1104658,6126,269,269
"270","Global",2020-10-17,39647567,340934,1110173,5515,270,270
"271","Global",2020-10-18,39933381,285814,1113558,3385,271,271
"272","Global",2020-10-19,40381679,448298,1118559,5001,272,272
"273","Global",2020-10-20,40770290,388611,1125148,6589,273,273
"274","Global",2020-10-21,41214166,443876,1131704,6662,274,274
"275","Global",2020-10-22,41686251,472085,1137606,5902,275,275
"276","Global",2020-10-23,42181290,495039,1144527,6923,276,276
"277","Global",2020-10-24,42593025,411735,1150223,5696,277,277
"278","Global",2020-10-25,42946311,353286,1154363,4140,278,278
"279","Global",2020-10-26,43483622,537311,1160007,5644,279,279
"280","Global",2020-10-27,43952737,469115,1167421,7414,280,280
"281","Global",2020-10-28,44461911,509174,1174502,7081,281,281
"282","Global",2020-10-29,45012581,550670,1181559,7057,282,282
"283","Global",2020-10-30,45582287,569706,1189102,7543,283,283
"284","Global",2020-10-31,46058507,476220,1195648,6546,284,284
"285","Global",2020-11-01,46491766,433259,1200571,4923,285,285
"286","Global",2020-11-02,46998950,507184,1206685,6114,286,286
"287","Global",2020-11-03,47513254,514304,1215137,8454,287,287
"288","Global",2020-11-04,48110453,597199,1226137,11000,288,288
"289","Global",2020-11-05,48703898,593446,1234197,8060,289,289
"290","Global",2020-11-06,49345097,641199,1243736,9539,290,290
"291","Global",2020-11-07,49856290,511193,1251287,7551,291,291
"292","Global",2020-11-08,50421054,564764,1257037,5758,292,292
"293","Global",2020-11-09,50922104,501050,1264159,7122,293,293
"294","Global",2020-11-10,51478964,556860,1274154,9995,294,294
"295","Global",2020-11-11,52123637,644673,1284569,10415,295,295
"296","Global",2020-11-12,52770472,646835,1294313,9744,296,296
"297","Global",2020-11-13,53418892,648420,1303847,9534,297,297
"298","Global",2020-11-14,54012686,593794,1312837,8990,298,298
"299","Global",2020-11-15,54482942,470256,1319085,6248,299,299
"300","Global",2020-11-16,55012063,529121,1326948,7863,300,300
"301","Global",2020-11-17,55621546,609483,1338047,11099,301,301
"302","Global",2020-11-18,56244966,623420,1349321,11274,302,302
"303","Global",2020-11-19,56895399,650433,1360322,11001,303,303
